160
144
129
112
123
108
145
106
178
116
156
135
140
150
184
111
131
105
103
121
137
127
101
185
159
113
107
145
129
120
179
152
138
171
163
125
183
166
115
128
170
139
124
104
102
124
146
160
147
113
136
102
117
155
126
141
105
116
106
154
110
107
126
136
109
150
156
151
144
122
155
134
122
130
131
125
187
110
111
104
120
109
121
114
127
146
108
135
133
189
112
189
152
101
119
142
118
103
123
171
141
148
169
117
119
133
118
137
115
175
151
114
166
134
132
139
130
132
181
143
128
142
149
192
165
147
182
174
167
164
140
161
165
173
138
153
143
154
153
164
159
186
148
177
157
162
149
188
181
176
158
158
157
174
162
163
161
172
177
192
168
176
170
167
172
168
183
169
173
190
184
175
187
178
180
180
185
179
199
182
195
193
193
186
191
188
196
190
197
191
195
194
194
196
198
197
198
199
0
