138
110
155
179
142
102
154
104
117
113
107
118
130
159
128
147
174
132
125
115
124
148
109
178
120
161
127
154
164
111
130
163
123
152
101
126
170
122
124
121
129
155
156
128
113
134
136
119
106
129
141
121
108
192
104
108
102
101
110
126
141
132
136
151
119
103
131
153
178
149
182
144
143
133
127
168
112
116
103
118
139
148
116
173
140
117
106
180
107
114
162
109
131
105
144
188
111
120
177
115
105
114
156
171
134
145
112
153
138
133
125
122
149
137
166
123
147
181
135
146
166
152
169
135
173
139
183
176
172
167
162
137
140
151
167
143
157
145
160
146
142
168
163
158
158
150
164
188
150
159
165
161
157
177
160
189
180
182
186
184
169
176
187
165
190
172
171
170
175
187
193
175
174
179
185
194
181
189
186
184
196
183
185
191
190
195
191
195
196
192
193
199
194
198
197
197
198
199
0
