0.764109090882737
0.833834672658692
0.158302505977222
0.24399747326561
0.755347828654862
0.0689829857230737
0.251145071698267
0.340757399501851
0.660625146202235
0.61492847644926
0.760796277022819
0.683169685508078
0.103382378765713
0.552513992267069
0.31371385805502
0.516699218827814
0.514125741411372
0.675272439331697
0.262572317217965
0.632366535131325
0.086558505958631
0.783044069371865
0.585430383207867
0.269183727004053
0.787474528532718
0.790670991297
0.93678772254217
0.303322163413865
0.852678849103597
0.703060631504772
0.475989201713194
0.250304976680477
0.142893355532987
0.93238018908605
0.163596517659255
0.369561084555844
0.318507608336739
0.0808133411983906
0.756546396766072
0.615336115290545
0.735008981721415
0.828405604007547
0.339453400415746
0.375444389000079
0.235128419684644
0.82924837501541
0.102035482500153
0.318746540226797
0.174161731483888
0.674922579832425
0.850376968158838
0.663306253249154
0.950951194409042
0.0132014279121315
0.66294227232615
0.71991747656522
0.319085362826405
0.0586373670431262
0.147175932314101
0.889585012830261
0.816056351307453
0.390803105233894
0.627103354234569
0.81308511361756
0.821221120620655
0.964144425666879
0.0323202505024928
0.224567477553815
0.300410968644081
0.384131897176179
0.447847623418908
0.393274290436653
0.640453353210854
0.807462899518357
0.7683402425677
0.706955500834165
0.865610481797035
0.105276728501514
0.540241276632772
0.378156608794805
0.103035747862056
0.49968594447707
0.636196503222691
0.108183968103574
0.223170345044932
0.683419897857263
0.898721792165467
0.724392641023155
0.639981928482385
0.719244078917823
0.319186815341043
0.149761675321113
0.632545648330398
0.383026641847313
0.273432980694977
0.525540453510479
0.698105581632335
0.146464145279415
0.0547267680599615
0.840499700107272
0.218198974329682
0.150201584882105
0.71570833770367
0.297970093461354
0.229276955734251
0.776601818205765
0.542919363109981
0.894288110764284
0.423073598046646
0.781037148220595
0.900455039212154
0.954705900079519
0.37538085412234
0.149440033033352
0.860225737285955
0.588885308416641
0.770090745480003
0.768092796750807
0.848901627248964
0.554962930128147
0.656028103274701
0.521816314253813
0.478107400499234
0.500092442692453
0.101474918764571
0.664749929356759
0.578496086385589
0.293990833628116
0.77179541253273
0.297714235758583
0.303718200741476
0.363279634299522
0.565017296266888
0.588424597472069
0.480277347855584
0.45123026138639
0.221808165662411
0.506073491481046
0.587154571508774
0.69450413000109
0.833051369509402
0.590020451448681
0.528534611620666
0.639740104090379
0.350576380386157
0.492918603114717
0.732860319131525
0.35736407983084
0.292366120757742
0.457319966656019
0.405574659947406
0.529256077578634
0.459250674559595
0.291995947006591
0.885810604645992
0.841579915442045
0.481448259567141
0.807170648547056
0.243776619112107
0.104162570182735
0.620150515730738
0.530104077815406
0.186891383748408
0.770380955327025
0.67598017948978
0.662530858374758
0.343228858473617
0.681720770535526
0.553550492245235
0.347758179826835
0.196480149791847
0.587016927213605
0.388344746902023
0.300144020150124
0.52038233888582
0.733466611183645
0.0794321749495372
0.385607450574301
0.640641737677958
0.357109359746086
0.686443601247803
0.632831780094248
0.432496125745987
0.413537883470501
0.262270906316923
0.336766234223056
0.282410720686952
0.635534382039881
0.28781400362548
0.467967901330370
0.640087405729913
0.114888376560599
0.573126873169386
0.509518325128551
0.617817132517378
0.59608279873145
0.826000093777132
0.708397245558599
0.73608034413916
